data/test2/ecoviz_idx.asc
NCOLS 51 
NROWS 33 
XLLCORNER 4569908 
YLLCORNER 5269430 
CELLSIZE 100 
NODATA_value -3.4e+38 
10623 10622 10621 10620 10619 10618 10617 10616 10615 10614 10613 10612 10611 10610 10609 10608 10607 10606 10605 10604 10603 10602 -3.4e+38 -3.4e+38 -3.4e+38 -3.4e+38 -3.4e+38 -3.4e+38 -3.4e+38 -3.4e+38 -3.4e+38 -3.4e+38 -3.4e+38 -3.4e+38 -3.4e+38 -3.4e+38 -3.4e+38 -3.4e+38 -3.4e+38 -3.4e+38 -3.4e+38 -3.4e+38 -3.4e+38 -3.4e+38 -3.4e+38 -3.4e+38 -3.4e+38 -3.4e+38 -3.4e+38 -3.4e+38 -3.4e+38
10507 10506 10505 10504 10503 10502 10501 10500 10499 10498 10497 10496 10495 10494 10493 10492 10491 10490 10489 10488 10487 10486 -3.4e+38 -3.4e+38 -3.4e+38 -3.4e+38 -3.4e+38 -3.4e+38 -3.4e+38 -3.4e+38 -3.4e+38 -3.4e+38 -3.4e+38 -3.4e+38 -3.4e+38 -3.4e+38 -3.4e+38 -3.4e+38 -3.4e+38 -3.4e+38 -3.4e+38 -3.4e+38 -3.4e+38 -3.4e+38 -3.4e+38 -3.4e+38 -3.4e+38 -3.4e+38 -3.4e+38 -3.4e+38 -3.4e+38
10394 10393 10392 10391 10390 10389 10388 10387 10386 10385 10384 10383 10382 10381 10380 10379 10378 10377 10376 10375 10374 10373 10372 -3.4e+38 -3.4e+38 -3.4e+38 -3.4e+38 -3.4e+38 -3.4e+38 -3.4e+38 -3.4e+38 -3.4e+38 -3.4e+38 -3.4e+38 -3.4e+38 -3.4e+38 -3.4e+38 10371 10370 10369 -3.4e+38 -3.4e+38 -3.4e+38 -3.4e+38 -3.4e+38 -3.4e+38 -3.4e+38 -3.4e+38 -3.4e+38 -3.4e+38 10368
10268 10267 10266 10265 10264 10263 10262 10261 10260 10259 10258 10257 10256 10255 10254 10253 10252 10251 10250 10249 10248 10247 10246 10245 -3.4e+38 -3.4e+38 -3.4e+38 -3.4e+38 -3.4e+38 -3.4e+38 -3.4e+38 -3.4e+38 -3.4e+38 -3.4e+38 -3.4e+38 -3.4e+38 10244 10243 10242 10241 10240 -3.4e+38 -3.4e+38 -3.4e+38 -3.4e+38 -3.4e+38 -3.4e+38 -3.4e+38 -3.4e+38 10239 10238
10140 10139 10138 10137 10136 10135 10134 10133 10132 10131 10130 10129 10128 10127 10126 10125 10124 10123 10122 10121 10120 10119 10118 10117 -3.4e+38 -3.4e+38 -3.4e+38 -3.4e+38 -3.4e+38 -3.4e+38 -3.4e+38 -3.4e+38 -3.4e+38 -3.4e+38 10116 10115 10114 10113 10112 10111 10110 -3.4e+38 -3.4e+38 -3.4e+38 -3.4e+38 -3.4e+38 -3.4e+38 -3.4e+38 10109 10108 10107
10004 10003 10002 10001 10000 9999 9998 9997 9996 9995 9994 9993 9992 9991 9990 9989 9988 9987 9986 9985 9984 9983 9982 9981 -3.4e+38 -3.4e+38 -3.4e+38 -3.4e+38 -3.4e+38 -3.4e+38 -3.4e+38 -3.4e+38 -3.4e+38 -3.4e+38 9980 9979 9978 9977 9976 9975 9974 -3.4e+38 -3.4e+38 -3.4e+38 -3.4e+38 -3.4e+38 -3.4e+38 -3.4e+38 9973 9972 9971
9865 9864 9863 9862 9861 9860 9859 9858 9857 9856 9855 9854 9853 9852 9851 9850 9849 9848 9847 9846 9845 9844 9843 9842 -3.4e+38 -3.4e+38 -3.4e+38 -3.4e+38 -3.4e+38 -3.4e+38 -3.4e+38 -3.4e+38 9841 9840 9839 9838 9837 9836 9835 9834 9833 -3.4e+38 9832 -3.4e+38 -3.4e+38 -3.4e+38 -3.4e+38 9831 9830 9829 9828
9724 9723 9722 9721 9720 9719 9718 9717 9716 9715 9714 9713 9712 9711 9710 9709 9708 9707 9706 9705 9704 9703 9702 9701 9700 -3.4e+38 -3.4e+38 -3.4e+38 -3.4e+38 -3.4e+38 -3.4e+38 -3.4e+38 9699 9698 9697 9696 9695 9694 9693 9692 9691 9690 9689 9688 9687 9686 -3.4e+38 -3.4e+38 -3.4e+38 -3.4e+38 9685
9585 9584 9583 9582 9581 9580 9579 9578 9577 9576 9575 9574 9573 9572 9571 9570 9569 9568 9567 9566 9565 9564 9563 9562 9561 9560 9559 9558 -3.4e+38 -3.4e+38 9557 9556 9555 9554 9553 9552 9551 9550 9549 9548 9547 9546 9545 9544 9543 9542 9541 -3.4e+38 -3.4e+38 -3.4e+38 -3.4e+38
9437 9436 9435 9434 9433 9432 9431 9430 9429 9428 9427 9426 9425 9424 9423 9422 9421 9420 9419 9418 9417 9416 9415 9414 9413 9412 9411 9410 9409 9408 9407 9406 9405 9404 9403 9402 9401 9400 9399 9398 9397 9396 9395 9394 9393 9392 9391 -3.4e+38 -3.4e+38 -3.4e+38 -3.4e+38
9286 9285 9284 9283 9282 9281 9280 9279 9278 9277 9276 9275 9274 9273 9272 9271 9270 9269 9268 9267 9266 9265 9264 9263 9262 9261 9260 9259 9258 9257 9256 9255 9254 9253 9252 9251 9250 9249 9248 9247 9246 9245 9244 9243 9242 9241 9240 -3.4e+38 -3.4e+38 -3.4e+38 -3.4e+38
9140 9139 9138 9137 9136 9135 9134 9133 9132 9131 9130 9129 9128 9127 9126 9125 9124 9123 9122 9121 -3.4e+38 9120 9119 9118 9117 9116 9115 9114 9113 9112 9111 9110 9109 9108 9107 9106 9105 9104 9103 9102 9101 9100 9099 9098 9097 9096 9095 -3.4e+38 -3.4e+38 -3.4e+38 -3.4e+38
8996 8995 8994 8993 8992 8991 8990 8989 8988 8987 8986 8985 8984 8983 8982 8981 8980 8979 8978 8977 -3.4e+38 8976 8975 8974 8973 8972 8971 8970 8969 8968 8967 8966 8965 8964 8963 8962 8961 8960 8959 8958 8957 8956 8955 8954 8953 8952 8951 -3.4e+38 -3.4e+38 -3.4e+38 8950
8850 8849 8848 8847 8846 8845 8844 8843 8842 8841 8840 8839 8838 8837 8836 8835 8834 8833 8832 8831 -3.4e+38 8830 8829 8828 8827 8826 8825 8824 8823 8822 8821 8820 8819 8818 8817 8816 8815 8814 8813 8812 8811 8810 8809 8808 8807 8806 -3.4e+38 -3.4e+38 -3.4e+38 -3.4e+38 8805
8696 8695 8694 8693 8692 8691 8690 8689 8688 8687 8686 8685 8684 8683 8682 8681 8680 8679 8678 8677 -3.4e+38 8676 8675 8674 8673 8672 8671 8670 8669 8668 8667 8666 8665 8664 8663 8662 8661 8660 8659 8658 8657 8656 8655 8654 8653 -3.4e+38 -3.4e+38 -3.4e+38 -3.4e+38 -3.4e+38 8652
8537 8536 8535 8534 8533 8532 8531 8530 8529 8528 8527 8526 8525 8524 8523 8522 8521 8520 8519 8518 8517 8516 8515 8514 8513 8512 8511 8510 8509 8508 8507 8506 8505 8504 8503 8502 8501 8500 8499 8498 8497 8496 8495 8494 8493 -3.4e+38 -3.4e+38 -3.4e+38 -3.4e+38 -3.4e+38 -3.4e+38
8382 8381 8380 8379 8378 8377 8376 8375 8374 8373 8372 8371 8370 8369 8368 8367 8366 8365 8364 8363 8362 8361 8360 8359 8358 8357 8356 8355 8354 8353 8352 8351 8350 8349 8348 8347 8346 8345 8344 8343 8342 8341 8340 8339 8338 -3.4e+38 -3.4e+38 -3.4e+38 -3.4e+38 -3.4e+38 8337
8222 8221 8220 8219 8218 8217 8216 8215 8214 8213 8212 8211 8210 8209 8208 8207 8206 8205 8204 8203 8202 8201 8200 8199 8198 8197 8196 8195 8194 8193 8192 8191 8190 8189 8188 8187 8186 8185 8184 8183 8182 8181 8180 8179 -3.4e+38 -3.4e+38 -3.4e+38 -3.4e+38 -3.4e+38 8178 8177
8067 8066 -3.4e+38 -3.4e+38 8065 8064 8063 8062 8061 8060 8059 8058 8057 8056 8055 8054 8053 8052 8051 8050 8049 8048 8047 8046 8045 8044 8043 8042 8041 8040 8039 8038 8037 8036 8035 8034 8033 8032 8031 8030 8029 8028 8027 -3.4e+38 -3.4e+38 -3.4e+38 -3.4e+38 -3.4e+38 8026 8025 8024
-3.4e+38 -3.4e+38 -3.4e+38 -3.4e+38 -3.4e+38 -3.4e+38 -3.4e+38 7912 7911 -3.4e+38 7910 7909 7908 7907 7906 7905 7904 7903 7902 7901 7900 7899 7898 7897 7896 7895 7894 7893 7892 7891 7890 7889 7888 7887 7886 7885 7884 7883 7882 7881 7880 7879 -3.4e+38 -3.4e+38 -3.4e+38 -3.4e+38 -3.4e+38 -3.4e+38 7878 7877 7876
-3.4e+38 -3.4e+38 -3.4e+38 -3.4e+38 -3.4e+38 -3.4e+38 -3.4e+38 -3.4e+38 7761 7760 7759 7758 7757 7756 7755 7754 7753 7752 7751 7750 7749 7748 7747 7746 7745 7744 7743 7742 7741 7740 7739 7738 7737 7736 7735 7734 7733 7732 7731 7730 7729 -3.4e+38 -3.4e+38 -3.4e+38 -3.4e+38 -3.4e+38 -3.4e+38 7728 7727 7726 7725
-3.4e+38 -3.4e+38 -3.4e+38 -3.4e+38 -3.4e+38 -3.4e+38 -3.4e+38 -3.4e+38 7612 7611 7610 7609 7608 7607 7606 7605 7604 7603 7602 7601 7600 7599 7598 7597 -3.4e+38 -3.4e+38 7596 7595 7594 7593 7592 7591 7590 7589 7588 7587 7586 7585 7584 7583 7582 -3.4e+38 -3.4e+38 -3.4e+38 -3.4e+38 -3.4e+38 7581 7580 7579 7578 7577
-3.4e+38 -3.4e+38 -3.4e+38 -3.4e+38 -3.4e+38 -3.4e+38 -3.4e+38 7477 7476 7475 7474 7473 7472 7471 7470 7469 7468 7467 7466 7465 7464 7463 7462 7461 7460 7459 7458 7457 7456 7455 7454 7453 7452 7451 7450 7449 7448 7447 7446 7445 -3.4e+38 -3.4e+38 -3.4e+38 -3.4e+38 -3.4e+38 -3.4e+38 7444 7443 7442 7441 7440
-3.4e+38 -3.4e+38 -3.4e+38 -3.4e+38 -3.4e+38 -3.4e+38 -3.4e+38 -3.4e+38 7346 7345 7344 7343 7342 7341 7340 7339 7338 7337 7336 7335 7334 7333 7332 7331 7330 7329 7328 7327 7326 7325 7324 7323 7322 7321 7320 7319 7318 7317 7316 7315 -3.4e+38 -3.4e+38 -3.4e+38 -3.4e+38 -3.4e+38 -3.4e+38 7314 7313 7312 7311 7310
-3.4e+38 -3.4e+38 -3.4e+38 -3.4e+38 -3.4e+38 -3.4e+38 -3.4e+38 -3.4e+38 7211 7210 7209 7208 7207 7206 7205 7204 7203 7202 7201 7200 7199 7198 7197 7196 7195 7194 7193 7192 7191 7190 7189 7188 7187 7186 7185 7184 7183 7182 7181 7180 -3.4e+38 -3.4e+38 -3.4e+38 -3.4e+38 -3.4e+38 -3.4e+38 7179 7178 7177 7176 7175
-3.4e+38 -3.4e+38 -3.4e+38 -3.4e+38 -3.4e+38 -3.4e+38 -3.4e+38 -3.4e+38 7074 7073 7072 7071 7070 7069 7068 7067 7066 7065 7064 7063 7062 7061 7060 7059 7058 7057 7056 7055 7054 7053 7052 7051 7050 7049 7048 7047 7046 7045 7044 7043 -3.4e+38 -3.4e+38 -3.4e+38 -3.4e+38 -3.4e+38 -3.4e+38 7042 7041 7040 7039 7038
-3.4e+38 -3.4e+38 -3.4e+38 -3.4e+38 -3.4e+38 -3.4e+38 -3.4e+38 -3.4e+38 6940 6939 6938 6937 6936 6935 6934 6933 6932 6931 6930 6929 6928 6927 6926 6925 6924 6923 6922 6921 6920 6919 6918 6917 6916 6915 6914 6913 6912 6911 6910 6909 -3.4e+38 -3.4e+38 -3.4e+38 -3.4e+38 -3.4e+38 -3.4e+38 6908 6907 6906 6905 6904
-3.4e+38 -3.4e+38 -3.4e+38 -3.4e+38 -3.4e+38 -3.4e+38 -3.4e+38 -3.4e+38 6808 6807 6806 6805 6804 6803 -3.4e+38 6802 6801 6800 6799 6798 6797 6796 6795 6794 6793 6792 6791 6790 6789 6788 6787 6786 6785 6784 6783 6782 6781 6780 6779 -3.4e+38 -3.4e+38 -3.4e+38 -3.4e+38 -3.4e+38 -3.4e+38 6778 6777 6776 6775 6774 6773
-3.4e+38 -3.4e+38 -3.4e+38 -3.4e+38 -3.4e+38 -3.4e+38 -3.4e+38 6679 6678 6677 6676 -3.4e+38 6675 6674 6673 6672 6671 6670 6669 6668 6667 6666 6665 6664 6663 6662 6661 6660 6659 6658 6657 6656 6655 6654 6653 6652 6651 6650 6649 -3.4e+38 -3.4e+38 -3.4e+38 -3.4e+38 -3.4e+38 -3.4e+38 6648 6647 6646 6645 6644 6643
-3.4e+38 -3.4e+38 -3.4e+38 -3.4e+38 -3.4e+38 -3.4e+38 -3.4e+38 6555 6554 6553 -3.4e+38 -3.4e+38 6552 -3.4e+38 6551 6550 6549 6548 6547 6546 6545 6544 6543 6542 6541 6540 6539 6538 6537 6536 6535 6534 6533 -3.4e+38 -3.4e+38 -3.4e+38 6532 6531 -3.4e+38 -3.4e+38 -3.4e+38 -3.4e+38 -3.4e+38 -3.4e+38 -3.4e+38 6530 6529 6528 6527 6526 6525
-3.4e+38 -3.4e+38 -3.4e+38 -3.4e+38 -3.4e+38 -3.4e+38 -3.4e+38 6434 6433 -3.4e+38 -3.4e+38 -3.4e+38 -3.4e+38 -3.4e+38 6432 6431 6430 6429 6428 6427 6426 6425 6424 6423 6422 6421 6420 6419 6418 6417 6416 -3.4e+38 -3.4e+38 -3.4e+38 -3.4e+38 -3.4e+38 -3.4e+38 -3.4e+38 -3.4e+38 -3.4e+38 -3.4e+38 -3.4e+38 -3.4e+38 -3.4e+38 -3.4e+38 6415 6414 6413 6412 6411 6410
-3.4e+38 -3.4e+38 -3.4e+38 -3.4e+38 -3.4e+38 -3.4e+38 -3.4e+38 -3.4e+38 -3.4e+38 -3.4e+38 -3.4e+38 -3.4e+38 -3.4e+38 -3.4e+38 -3.4e+38 6312 6311 6310 6309 6308 6307 6306 6305 6304 6303 6302 6301 6300 6299 6298 -3.4e+38 6297 -3.4e+38 6296 6295 -3.4e+38 -3.4e+38 -3.4e+38 -3.4e+38 -3.4e+38 -3.4e+38 -3.4e+38 -3.4e+38 -3.4e+38 -3.4e+38 6294 6293 6292 6291 6290 6289
-3.4e+38 -3.4e+38 -3.4e+38 -3.4e+38 -3.4e+38 -3.4e+38 -3.4e+38 -3.4e+38 -3.4e+38 -3.4e+38 -3.4e+38 -3.4e+38 -3.4e+38 -3.4e+38 -3.4e+38 6193 6192 6191 6190 6189 6188 6187 -3.4e+38 6186 6185 6184 6183 6182 6181 6180 6179 6178 6177 6176 6175 -3.4e+38 -3.4e+38 -3.4e+38 -3.4e+38 -3.4e+38 -3.4e+38 -3.4e+38 -3.4e+38 -3.4e+38 -3.4e+38 6174 6173 6172 6171 6170 6169
